Element[0x00000000 "" "" "" 1000 1000 0 -7937 0 100 0x00000000]
(
	Pin[ 0 -5000 7874 1200 8474 3937 "1" "1" 0x00000100]
	Pin[ 0 5000 7874 1200 8474 3937 "2" "2" 0x00000000]
	ElementLine [5000 10000 -5000 10000 1000]
	ElementLine [-5000 10000 -5000 -10000 1000]
	ElementLine [-5000 -10000 5000 -10000 1000]
	ElementLine [5000 -10000 5000 10000 1000]
	ElementLine [-5000 -10000 5000 -10000 1000]
	ElementLine [5000 -10000 5000 0 1000]
	ElementLine [5000 0 -5000 0 1000]
	ElementLine [-5000 0 -5000 -10000 1000]
)
